2.196100000000000000e+04
2.198600000000000000e+04
2.709300000000000000e+04
4.104600000000000000e+04
1.171200000000000000e+04
1.649400000000000000e+04
2.437800000000000000e+04
4.227400000000000000e+04
2.400600000000000000e+04
4.396200000000000000e+04
3.568400000000000000e+04
3.689900000000000000e+04
2.877700000000000000e+04
3.709900000000000000e+04
1.493200000000000000e+04
6.202000000000000000e+03
1.809600000000000000e+04
5.135000000000000000e+03
3.376500000000000000e+04
4.482300000000000000e+04
6.358000000000000000e+03
4.208900000000000000e+04
1.933500000000000000e+04
1.161000000000000000e+04
1.073700000000000000e+04
3.855500000000000000e+04
4.331500000000000000e+04
1.983500000000000000e+04
9.665000000000000000e+03
2.572700000000000000e+04
1.396000000000000000e+04
1.391100000000000000e+04
4.253800000000000000e+04
2.957700000000000000e+04
4.257800000000000000e+04
3.240000000000000000e+02
4.238400000000000000e+04
2.740100000000000000e+04
1.647000000000000000e+03
3.418800000000000000e+04
1.767000000000000000e+04
3.291900000000000000e+04
4.500700000000000000e+04
2.945900000000000000e+04
4.203000000000000000e+03
2.582600000000000000e+04
2.207900000000000000e+04
3.124000000000000000e+04
1.306700000000000000e+04
1.712100000000000000e+04
